0110111111010110010010001010000001000111011111111110010010000100
0000001100000110111011101001100100001101010000011101000000100001
0001000100010011000111111010001101010100111101111000100001001100
0001110110101001010110111101001000001011010110001010111100111010
0000000010110101011100011010111101101100011001011010001101011000
0011100101110101101101111100101100000101010011111101010000100000
0101011100110001001011100010100100101000101010011011110010111000
0011010001100010000110111100010101001111000110001100110110110101
0100010111010100011011111011010000101001000001010001001101001011
0110010111101111011010010100110000011000110101000000011010101110
0011011110001100110011001000100000101001111101000000000010001110
0011101110110000101001011001111101001011001001101111010100010101
0010010111011110001100001110111001011001111010010001101011011000
0110110000110100111101111110110000110110011011010111111100001111
0001111000010111100010000010101100111011100100111101100011000001